% PEER NGA STRONG MOTION DATABASE RECORD
% Landers, 6/28/1992, Joshua Tree, 90
% ACCELERATION TIME SERIES IN UNITS OF G
% NPTS=   2200, DT=   .0200 SEC
dt = 0.02;
ag = [
   .2993323E-02  -.1042113E-01  -.1511273E-01  -.5970244E-02   .3203669E-02
   .2874058E-02  -.1682043E-01  -.2398135E-01  -.1195931E-01  -.2321180E-02
  -.8641135E-02  -.2015511E-01  -.2326547E-01  -.1939106E-01  -.1419695E-01
  -.6771251E-02  -.1617240E-03   .2764409E-02   .1025079E-01   .9712663E-02
   .5431978E-02   .3682766E-02   .1082676E-01   .1905180E-01   .1681044E-01
   .1738412E-01   .1779239E-01   .1491201E-01   .5192375E-02  -.3906247E-02
  -.8274271E-02  -.9602858E-02  -.8210244E-02  -.2113552E-02   .1006621E-02
   .1894352E-03   .9847120E-03   .3928972E-02  -.1127805E-02  -.1967627E-01
  -.3481402E-01  -.3294342E-01  -.8272918E-02   .1057324E-01  -.1969221E-02
  -.2191193E-01  -.2789303E-01  -.1090694E-01   .1079039E-01   .2022920E-01
   .1871104E-01   .1579225E-01   .2106394E-01   .2147210E-01   .1781646E-01
   .9380943E-02   .5263967E-02   .1359288E-01   .2004181E-01   .8065311E-02
  -.1100441E-01  -.2930519E-01  -.2810269E-01  -.7590694E-02   .5422116E-02
   .1315833E-01   .1412875E-01   .1597012E-01   .1720139E-01   .9169906E-02
  -.1307643E-01  -.3028920E-01  -.2639421E-01  -.9885015E-02  -.2327472E-02
  -.6606136E-02  -.1331661E-01  -.1811573E-01  -.2790992E-01  -.3198713E-01
  -.1797579E-01   .4920652E-02   .2743243E-01   .2936149E-01   .1298450E-01
   .5638470E-02   .1009677E-01   .1834324E-01   .1523800E-01  -.1918871E-02
  -.4495984E-02   .1910610E-01   .3136568E-01   .1691847E-01  -.4111929E-02
  -.1384085E-01  -.4546358E-03   .2394950E-01   .3288726E-01   .7020471E-02
  -.1855369E-01  -.2026098E-01  -.1196831E-01  -.6698004E-02  -.1165127E-01
  -.2308470E-01  -.2749962E-01  -.2145149E-01  -.9110068E-02  -.1308671E-01
  -.3077837E-01  -.3809573E-01  -.3499347E-02   .3184969E-01   .1070695E-01
  -.7756359E-02  -.3322808E-02   .7832210E-03  -.3207610E-02   .2089022E-01
   .5418732E-01   .4607335E-01   .2980439E-01   .3252160E-01   .3034169E-01
   .1271992E-01   .6549581E-02   .1980913E-01   .1855195E-01  -.1214968E-01
  -.2320926E-01   .1469312E-01   .3689147E-01   .2431080E-01   .3724059E-02
  -.4097864E-01  -.6628408E-01  -.6982995E-01  -.4165698E-01  -.4761055E-02
  -.8276596E-02  -.2440351E-01   .2188126E-01   .9490319E-01   .1251177E+00
   .1059702E+00   .6416437E-01   .3961176E-01   .4565088E-01   .6456233E-01
   .3528075E-01  -.1355433E-01  -.3997090E-01  -.3994610E-01  -.6236750E-01
  -.8824575E-01  -.9208088E-01  -.7515193E-01  -.4435311E-01  -.1841994E-03
   .4799527E-01   .5729838E-01   .3742432E-01   .3783900E-01   .4154005E-01
   .1468487E-01  -.2670537E-01  -.4971120E-01  -.4080845E-01  -.2227902E-01
  -.1367120E-01  -.2164252E-01  -.3556154E-01  -.5592805E-01  -.5150047E-01
  -.6654444E-02   .3917786E-01   .8735915E-01   .6748802E-01  -.6486035E-02
  -.3686841E-01  -.1078773E-01   .3711170E-01   .1013389E-01  -.3752143E-01
  -.2951643E-01   .8651942E-02   .1305519E-01  -.8208906E-02  -.1055308E-01
  -.2494557E-01  -.3901885E-01  -.2772174E-01   .3633379E-01   .7823996E-01
   .3879393E-01  -.1735395E-02  -.5883423E-02   .2575825E-01   .4485182E-01
   .3157053E-01   .2788251E-02  -.6067370E-02   .2252217E-01   .3881760E-01
   .3844820E-01   .5297586E-01   .5558373E-01   .4451029E-01   .4483429E-01
   .5614056E-01   .6058626E-01   .5464525E-01   .3863576E-01   .6639769E-02
  -.1625584E-01  -.2149530E-01  -.3260491E-01  -.6573127E-01  -.7504987E-01
  -.5086151E-01  -.1953626E-01  -.2238107E-02  -.3630720E-01  -.9225330E-01
  -.1219732E+00  -.1219917E+00  -.1007036E+00  -.4340033E-01   .5695997E-02
  -.1243463E-02  -.6318409E-02   .1162086E-01   .4063116E-01   .7257392E-01
   .8339856E-01   .7617118E-01   .7200377E-01   .7688678E-01   .8149027E-01
   .7484209E-01   .5359155E-01   .1324147E-01  -.3500855E-01  -.6061972E-01
  -.6217116E-01  -.5395820E-01  -.5418372E-01  -.5592602E-01  -.4604954E-01
  -.3086502E-01  -.3166394E-01  -.4272512E-01  -.5439222E-01  -.6947736E-01
  -.6938699E-01  -.7368878E-01  -.8231337E-01  -.7444049E-01  -.7050181E-01
  -.7366644E-01  -.6440138E-01  -.3578186E-01   .9403452E-02   .5504364E-01
   .1068548E+00   .1352141E+00   .1329927E+00   .8934609E-01   .2125610E-01
  -.1214267E-01  -.1190902E-01   .8119735E-02   .4049453E-01   .5826597E-01
   .5551192E-01   .4982228E-01   .4380009E-01   .3383658E-01   .1014589E-01
  -.1970461E-01  -.4961532E-01  -.6622628E-01  -.7300752E-01  -.8137899E-01
  -.4321907E-01   .9352381E-02   .3295377E-01   .6013108E-02  -.6616254E-01
  -.1273661E+00  -.1591386E+00  -.1591788E+00  -.1455705E+00  -.1208769E+00
  -.9688711E-01  -.4480551E-01   .3667960E-01   .1197773E+00   .1682755E+00
   .1805374E+00   .1808753E+00   .1762691E+00   .1632634E+00   .1213263E+00
   .8355999E-01   .4012755E-01  -.1600595E-01  -.3633543E-01  -.1272741E-01
   .1326738E-01   .1957616E-01   .3028214E-01   .5648393E-01   .6464191E-01
   .2417036E-01  -.2892271E-01  -.5013364E-01  -.5656989E-01  -.5976460E-01
  -.6344894E-01  -.5327046E-01  -.2327137E-01  -.2999025E-01  -.5825257E-01
  -.8523480E-01  -.1075067E+00  -.1277815E+00  -.1357152E+00  -.1029887E+00
  -.2602797E-01   .8106666E-01   .1514994E+00   .1978693E+00   .2028242E+00
   .1506264E+00   .1059521E+00   .9144431E-01   .7490871E-01   .5275189E-01
   .5570543E-01   .6554497E-01   .6475914E-01   .4131199E-01   .2706520E-01
   .2219120E-01   .1431633E-01   .3689508E-02  -.7291274E-02  -.1952259E-01
  -.4071563E-01  -.6389463E-01  -.9741949E-01  -.1304038E+00  -.1694652E+00
  -.2003452E+00  -.1930977E+00  -.1449420E+00  -.6233177E-01   .2151061E-01
   .7250084E-01   .6607117E-01   .3408336E-01  -.1832690E-01  -.6668369E-01
  -.8612451E-01  -.7881990E-01  -.4539108E-01  -.2368716E-01  -.1433748E-01
   .1180954E-01   .5575047E-01   .1105840E+00   .1689915E+00   .1956720E+00
   .1778356E+00   .1097264E+00   .3277996E-01  -.1548206E-01  -.4069208E-01
  -.4934444E-01  -.5621589E-01  -.7131773E-01  -.6813402E-01  -.3486034E-01
  -.1340946E-01  -.9291451E-02  -.1554276E-01  -.3919732E-01  -.6291717E-01
  -.8839956E-01  -.9726413E-01  -.8258710E-01  -.7256434E-01  -.6463154E-01
  -.4196282E-01  -.1761314E-01  -.6679520E-02  -.2167022E-01  -.6288920E-01
  -.7971795E-01  -.6548871E-01  -.5236618E-01  -.2602751E-01   .1146997E-01
   .4543313E-01   .8851511E-01   .1367531E+00   .1633265E+00   .1728351E+00
   .1563837E+00   .1321488E+00   .1244633E+00   .1240729E+00   .1165751E+00
   .9318471E-01   .5820302E-01   .3690770E-01   .4560446E-01   .6302731E-01
   .6593354E-01   .3042961E-01  -.3231162E-02  -.1268733E-01   .1315563E-01
   .5069494E-01   .5265154E-01   .1347565E-01  -.3172947E-01  -.6714259E-01
  -.9671418E-01  -.1232573E+00  -.1589132E+00  -.1912868E+00  -.2128033E+00
  -.2139996E+00  -.2071112E+00  -.1685101E+00  -.9853471E-01  -.2411215E-01
   .5785942E-01   .1217678E+00   .1400853E+00   .1081453E+00   .4890711E-01
  -.9468194E-02  -.6115433E-01  -.9766082E-01  -.1113509E+00  -.1083498E+00
  -.9189578E-01  -.6540808E-01  -.3712924E-01  -.9894878E-02  -.4717533E-03
  -.6632181E-02  -.1953684E-01  -.1325224E-01   .7379688E-02   .2252810E-01
   .1320774E-01  -.2683092E-01  -.6202051E-01  -.8617369E-01  -.9079897E-01
  -.8659818E-01  -.9261472E-01  -.1067240E+00  -.1051843E+00  -.7486025E-01
  -.4269408E-01  -.3014251E-01  -.2610385E-01  -.2390219E-01  -.2063566E-01
  -.3967330E-02   .1786629E-01   .2623794E-01   .3178319E-01   .5611787E-01
   .8898688E-01   .1222568E+00   .1474646E+00   .1638648E+00   .1817500E+00
   .2050076E+00   .2352307E+00   .2636996E+00   .2823488E+00   .2839498E+00
   .2321008E+00   .1606198E+00   .1159099E+00   .9068283E-01   .7736842E-01
   .5450374E-01   .3082817E-01   .7881931E-02  -.1200941E-01  -.2619078E-01
  -.3391554E-01  -.4037039E-01  -.5671617E-01  -.7982352E-01  -.9551752E-01
