% PEER NGA STRONG MOTION DATABASE RECORD
% Iwate, 6/13/2008, Kami Miyagi Miyazaki City, NS
% ACCELERATION TIME SERIES IN UNITS OF G
% NPTS=   6000, DT=   .0100 SEC                                              

dt = 0.01;
ag = [
   .1814163E-05   .1827403E-05   .1820968E-05   .1817624E-05   .1807303E-05
   .1805048E-05   .1804486E-05   .1780947E-05   .1761240E-05   .1783273E-05
   .1784521E-05   .1740029E-05   .1722581E-05   .1744695E-05   .1752555E-05
   .1686953E-05   .1673539E-05   .1730335E-05   .1695962E-05   .1661469E-05
   .1640691E-05   .1629484E-05   .1690246E-05   .1627707E-05   .1553871E-05
   .1642769E-05   .1682788E-05   .1513649E-05   .1437507E-05   .1597424E-05
   .1603210E-05   .1398247E-05   .1419883E-05   .1639787E-05   .1514734E-05
   .1289674E-05   .1353155E-05   .1597495E-05   .1581780E-05   .1168912E-05
   .1200619E-05   .1397312E-05   .1464395E-05   .1254957E-05   .9718311E-06
   .1533988E-05   .1313404E-05   .7436087E-06   .1144874E-05   .1382587E-05
   .1461307E-05   .9791981E-06   .9937683E-06   .1508748E-05   .1152696E-05
   .9515797E-06   .1019457E-05   .1415862E-05   .1481623E-05   .6270741E-06
   .9234222E-06   .1324693E-05   .9394964E-06   .4709256E-06   .7976048E-06
   .1448124E-05   .9266083E-06   .5724265E-06   .3596488E-06   .9820944E-06
   .1416298E-05   .1943003E-06   .4964634E-06   .1635419E-05   .1194580E-05
  -.1349106E-06   .5336183E-08   .1610915E-05   .7377455E-06  -.4709798E-07
   .5883494E-06   .1041305E-05   .1071453E-05  -.4701913E-06   .1281945E-06
   .1632074E-05   .6767315E-06  -.4807483E-06  -.1853692E-06   .1336130E-05
   .9073256E-06  -.2963064E-06   .6428597E-06   .1211344E-05   .3801022E-06
  -.3376614E-06  -.1573753E-06   .5901835E-06   .8987116E-06  -.1376028E-05
  -.5008750E-06   .1630968E-05  -.6897742E-06  -.5296964E-06   .2979242E-06
   .8814251E-06   .4993621E-06  -.2055330E-05   .4975175E-06   .9294882E-06
  -.1924270E-05  -.5146599E-06  -.4767696E-06  -.2058307E-06   .3966847E-06
  -.1412452E-05  -.1151177E-05   .7133653E-06   .1670559E-06  -.2300952E-05
  -.9168625E-06   .2098126E-05  -.2533319E-06  -.2328794E-05   .2437395E-06
   .1780187E-05  -.3689333E-06  -.2138441E-05  -.2149114E-06   .5819335E-06
  -.1473981E-05  -.1921616E-05  -.3008077E-06   .5497164E-06  -.3400061E-06
  -.2535302E-05  -.1894496E-05   .2443074E-06  -.1979065E-05  -.2488053E-05
   .4449374E-06   .1427385E-05  -.1497341E-05  -.5010638E-05  -.5576164E-06
   .1106678E-05  -.2738966E-05  -.1426859E-05  -.8455162E-07   .1906250E-05
  -.1511006E-05  -.6318912E-05   .5314187E-06   .1953117E-05  -.3152661E-05
  -.3509083E-05   .3446531E-06   .2454604E-05  -.2751149E-05  -.5090177E-05
  -.1138418E-05   .8163395E-06  -.2939374E-05  -.2945005E-05   .1055025E-05
  -.3285020E-06  -.2227748E-05  -.3437964E-05  -.9902795E-06   .7245904E-06
  -.5046029E-05  -.4549276E-05  -.1448479E-05  -.2346486E-05  -.2481965E-05
  -.3384868E-05  -.1528513E-05  -.5404813E-06  -.2533760E-05  -.3595701E-05
  -.1907371E-05   .5147475E-07  -.3337016E-05  -.4727475E-05  -.6692761E-06
  -.6137496E-06  -.5270479E-05  -.5919372E-05   .1063941E-05  -.3467509E-06
  -.7153764E-05  -.5864951E-05  -.1392448E-05   .1057273E-05  -.2939771E-05
  -.4126897E-05   .3530329E-06   .1103930E-05  -.4228383E-05  -.5350416E-05
  -.8990498E-07  -.7996946E-06  -.3139402E-05  -.4451589E-05  -.3089735E-05
   .2571578E-05  -.4809803E-05  -.7261808E-05  -.5863258E-06  -.3237123E-05
  -.7102729E-05  -.6170502E-05   .1103033E-05  -.5727094E-06  -.7481064E-05
  -.4835456E-05  -.2524696E-05   .1105760E-05  -.4843573E-05  -.8916555E-05
   .5382269E-06  -.2162470E-05  -.6259566E-05  -.4909324E-05  -.1066636E-06
  -.2400612E-06  -.8837848E-05  -.6821244E-05  -.1932752E-05  -.2340560E-05
  -.6058712E-05  -.7666871E-05  -.2636580E-06  -.2382672E-05  -.7855628E-05
  -.5222018E-05  -.8836921E-07  -.1214571E-05  -.8786096E-05  -.3477195E-05
   .1218412E-05  -.1544369E-05  -.3034258E-05  -.3411791E-05  -.6946202E-06
  -.1108598E-05  -.4922396E-05  -.4898103E-05   .1270376E-05  -.1209546E-05
  -.1057440E-04  -.4522006E-05   .1255782E-05  -.3980461E-05  -.5479927E-05
  -.4068137E-05  -.1539088E-05   .1208274E-05  -.5465548E-05  -.7489275E-05
  -.1155921E-05  -.1384057E-06  -.6592737E-05  -.7954629E-05   .1273810E-05
  -.6516620E-06  -.8502924E-05  -.4669488E-05   .1421904E-05  -.7283222E-06
  -.8019751E-05  -.4182741E-05  -.1206357E-06  -.4111672E-05  -.8177189E-05
  -.5577117E-05   .1355021E-05  -.2604522E-05  -.8612957E-05  -.5703929E-05
  -.1014922E-05   .3613917E-06  -.6621449E-05  -.5616492E-05   .4981595E-05
   .2464202E-05  -.7630796E-05  -.5642374E-05  -.1087282E-05  -.2502843E-05
  -.4175728E-05  -.5032378E-05   .9760305E-06   .9870950E-06  -.5544229E-05
  -.4119450E-05   .5679472E-07   .1569643E-05  -.5631244E-05  -.1003539E-04
   .1014352E-05  -.9953301E-06  -.9995484E-05  -.3624839E-05  -.8399806E-06
  -.4193783E-06  -.5073986E-05  -.8919710E-05  -.5358032E-06  -.2329191E-05
  -.7014662E-05  -.6530403E-05   .3006321E-06   .3038872E-05  -.1086617E-04
  -.7527382E-05   .3264942E-05  -.7833120E-06  -.9005310E-05  -.7345020E-05
  -.3661591E-06  -.3233068E-05  -.4356983E-05  -.2803708E-05  -.1681199E-06
   .1753867E-05  -.6801717E-05  -.9884092E-05  -.6963025E-06   .1831895E-05
  -.5223650E-05  -.4761273E-05   .3414016E-06   .4161754E-06  -.5317245E-05
  -.7658892E-05   .1842122E-05   .4309361E-06  -.8210939E-05  -.7271463E-05
  -.1024502E-05   .2454602E-05  -.5646708E-05  -.9139665E-05  -.6090944E-06
   .5875870E-06  -.5164523E-05  -.7569445E-05   .1030783E-05   .2021279E-05
  -.8035913E-05  -.6620075E-05   .6160688E-06   .5640658E-06  -.4969000E-05
  -.5011397E-05  -.3635272E-06  -.4059211E-06  -.6984162E-05  -.6440747E-05
   .6514566E-06  -.1848945E-05  -.6390078E-05  -.3408604E-05   .2967243E-06
   .6976877E-06  -.6373543E-05  -.6308474E-05   .2239357E-05  -.1680935E-06
  -.4800692E-05  -.5357254E-05  -.2128613E-05   .7117118E-06  -.6691366E-05
  -.4745273E-05  -.7347325E-06  -.2505079E-05  -.7856748E-06  -.6100116E-05
  -.3146940E-07   .1288280E-05  -.1206505E-04  -.4776010E-05  -.5711599E-08
  -.1431186E-05   .3595890E-06  -.4951375E-05   .1023459E-05   .2510131E-05
  -.7466114E-05  -.4109521E-05   .6429085E-06  -.4040754E-06  -.5026211E-05
  -.5899237E-05   .1088082E-05  -.2948552E-06  -.4413811E-05  -.4434109E-05
  -.1256302E-05  -.3798751E-06  -.8899391E-05  -.6369734E-05   .4284701E-05
   .8121058E-06  -.6349549E-05  -.4280149E-05  -.1224177E-05  -.5785741E-05
  -.8809914E-05  -.2708941E-05   .3455880E-05   .8876676E-06  -.7213796E-05
  -.8760982E-05  -.2080083E-05   .1958190E-05  -.2577030E-05  -.3045938E-05
   .4225384E-06  -.1418072E-05  -.4170447E-05  -.7021887E-05   .1586945E-05
   .4062917E-05  -.7438575E-05  -.5588858E-05   .2725436E-05   .3700698E-05
  -.5482656E-05  -.8914688E-05   .1130927E-05   .1786607E-05  -.4896930E-05
  -.4855558E-05   .1266189E-05   .1775841E-05  -.4809272E-05  -.4787160E-05
   .8201193E-06  -.2747722E-05  -.8249832E-05  -.2234774E-05   .3491922E-05
   .1921776E-05  -.4690060E-05  -.3569797E-05   .4977636E-05   .2067844E-05
  -.4654395E-05  -.1478222E-05   .6594159E-05   .1545265E-05  -.4975923E-05
  -.5331381E-06   .1194318E-05   .1096203E-05  -.3455477E-05  -.4358276E-05
   .1061839E-05  -.1222565E-05  -.5035846E-05  -.5794775E-05   .3770540E-05
   .2243170E-05  -.8790094E-05  -.3366491E-05   .3942836E-05   .7860625E-06
  -.6224793E-05  -.3230933E-05   .5555327E-05   .4430013E-05  -.7162980E-05
  -.5136617E-05   .3439870E-05   .1103257E-05  -.2151162E-05  -.4016273E-05
   .4673255E-05   .5018596E-05  -.1098479E-04  -.6109824E-05   .6760665E-05
   .4207322E-05  -.5468842E-05  -.5922852E-05   .2741720E-05   .1713899E-05
  -.5825420E-05  -.1295550E-05   .4328991E-05   .1368835E-05  -.2818190E-05
  -.4729308E-05   .2923699E-05   .2785527E-05  -.6069048E-05   .2331403E-06
